8
16
-1000 -899 
-994 -992 
-990 -993 
-960 -1000 
957 -1000 
985 -997 
999 -995 
1000 -949 
1000 990 
998 996 
974 998 
911 1000 
-900 1000 
-986 999 
-994 996 
-999 966 
21
-1000 -937 
-999 -948 
-996 -968 
-991 -991 
-988 -997 
-867 -1000 
986 -1000 
995 -994 
996 -993 
999 -916 
1000 -857 
1000 970 
997 981
994 985 
985 994 
979 996 
965 1000 
-667 1000 
-958 998 
-993 991 
-998 896 
15
-1000 -720 
-999 -899 
-997 -998 
-911 -1000 
955 -1000 
992 -995 
1000 -989 
1000 983 
992 995 
948 999 
836 1000 
-977 1000 
-989 991 
-990 990 
-999 975 
14
-1000 -441 
-999 -947 
-998 -987 
-991 -999 
-944 -1000 
996 -1000 
1000 -998 
1000 992 
992 999 
879 1000 
-926 1000 
-977 999 
-996 995 
-999 971 
17
-1000 -559 
-999 -849 
-998 -992 
-994 -993 
-933 -1000 
709 -1000 
946 -998 
989 -997 
997 -988 
1000 -915 
1000 942 
997 994 
982 1000 
-843 1000 
-966 999 
-995 987 
-997 977 
18
-1000 -758 
-999 -948 
-998 -1000 
966 -1000 
985 -998 
995 -994 
996 -986 
999 -954 
1000 -828 
1000 850 
999 957 
997 981 
995 1000 
-950 1000 
-970 998 
-989 994 
-993 992 
-997 956 
15
-1000 -687 
-999 -889 
-996 -995 
-972 -1000 
997 -1000 
1000 -975 
1000 658 
999 890 
998 986 
996 990 
980 995 
916 1000 
-976 1000 
-996 986 
-999 982 
15
-1000 -602 
-999 -961 
-989 -997 
-886 -999 
-518 -1000 
949 -1000 
972 -999 
999 -986 
1000 -872 
1000 915 
999 999 
994 1000 
-856 1000 
-966 999 
-999 998 
